[general]
temp-day=6500
temp-night=4500

fade=1

gamma=0.8

location-provider=manual
adjustment-method=wayland

[manual]
lat=39.95291766506073
lon=-75.18442873689281
